-1000.000000,-3.404298
-999.000000,-3.400507
-998.000000,-3.396716
-997.000000,-3.392926
-996.000000,-3.389138
-995.000000,-3.385350
-994.000000,-3.381563
-993.000000,-3.377778
-992.000000,-3.373993
-991.000000,-3.370209
-990.000000,-3.366427
-989.000000,-3.362645
-988.000000,-3.358864
-987.000000,-3.355084
-986.000000,-3.351304
-985.000000,-3.347526
-984.000000,-3.343748
-983.000000,-3.339971
-982.000000,-3.336195
-981.000000,-3.332420
-980.000000,-3.328646
-979.000000,-3.324872
-978.000000,-3.321099
-977.000000,-3.317327
-976.000000,-3.313555
-975.000000,-3.309784
-974.000000,-3.306014
-973.000000,-3.302244
-972.000000,-3.298475
-971.000000,-3.294707
-970.000000,-3.290939
-969.000000,-3.287171
-968.000000,-3.283405
-967.000000,-3.279639
-966.000000,-3.275873
-965.000000,-3.272108
-964.000000,-3.268343
-963.000000,-3.264579
-962.000000,-3.260816
-961.000000,-3.257053
-960.000000,-3.253290
-959.000000,-3.249528
-958.000000,-3.245766
-957.000000,-3.242004
-956.000000,-3.238243
-955.000000,-3.234482
-954.000000,-3.230722
-953.000000,-3.226962
-952.000000,-3.223202
-951.000000,-3.219443
-950.000000,-3.215684
-949.000000,-3.211925
-948.000000,-3.208167
-947.000000,-3.204408
-946.000000,-3.200650
-945.000000,-3.196892
-944.000000,-3.193135
-943.000000,-3.189377
-942.000000,-3.185620
-941.000000,-3.181863
-940.000000,-3.178106
-939.000000,-3.174350
-938.000000,-3.170593
-937.000000,-3.166836
-936.000000,-3.163080
-935.000000,-3.159324
-934.000000,-3.155567
-933.000000,-3.151811
-932.000000,-3.148055
-931.000000,-3.144299
-930.000000,-3.140543
-929.000000,-3.136787
-928.000000,-3.133031
-927.000000,-3.129275
-926.000000,-3.125519
-925.000000,-3.121763
-924.000000,-3.118006
-923.000000,-3.114250
-922.000000,-3.110494
-921.000000,-3.106737
-920.000000,-3.102981
-919.000000,-3.099224
-918.000000,-3.095468
-917.000000,-3.091711
-916.000000,-3.087954
-915.000000,-3.084196
-914.000000,-3.080439
-913.000000,-3.076681
-912.000000,-3.072924
-911.000000,-3.069166
-910.000000,-3.065407
-909.000000,-3.061649
-908.000000,-3.057890
-907.000000,-3.054131
-906.000000,-3.050372
-905.000000,-3.046613
-904.000000,-3.042853
-903.000000,-3.039093
-902.000000,-3.035332
-901.000000,-3.031572
-900.000000,-3.027811
-899.000000,-3.024049
-898.000000,-3.020287
-897.000000,-3.016525
-896.000000,-3.012763
-895.000000,-3.009000
-894.000000,-3.005237
-893.000000,-3.001473
-892.000000,-2.997709
-891.000000,-2.993944
-890.000000,-2.990179
-889.000000,-2.986414
-888.000000,-2.982648
-887.000000,-2.978881
-886.000000,-2.975115
-885.000000,-2.971347
-884.000000,-2.967579
-883.000000,-2.963811
-882.000000,-2.960042
-881.000000,-2.956273
-880.000000,-2.952503
-879.000000,-2.948732
-878.000000,-2.944961
-877.000000,-2.941189
-876.000000,-2.937417
-875.000000,-2.933644
-874.000000,-2.929871
-873.000000,-2.926097
-872.000000,-2.922322
-871.000000,-2.918547
-870.000000,-2.914771
-869.000000,-2.910994
-868.000000,-2.907217
-867.000000,-2.903439
-866.000000,-2.899661
-865.000000,-2.895882
-864.000000,-2.892102
-863.000000,-2.888321
-862.000000,-2.884540
-861.000000,-2.880758
-860.000000,-2.876975
-859.000000,-2.873192
-858.000000,-2.869407
-857.000000,-2.865622
-856.000000,-2.861837
-855.000000,-2.858050
-854.000000,-2.854263
-853.000000,-2.850475
-852.000000,-2.846686
-851.000000,-2.842897
-850.000000,-2.839106
-849.000000,-2.835315
-848.000000,-2.831523
-847.000000,-2.827730
-846.000000,-2.823936
-845.000000,-2.820142
-844.000000,-2.816347
-843.000000,-2.812550
-842.000000,-2.808753
-841.000000,-2.804955
-840.000000,-2.801157
-839.000000,-2.797357
-838.000000,-2.793556
-837.000000,-2.789755
-836.000000,-2.785952
-835.000000,-2.782149
-834.000000,-2.778345
-833.000000,-2.774540
-832.000000,-2.770734
-831.000000,-2.766927
-830.000000,-2.763119
-829.000000,-2.759310
-828.000000,-2.755500
-827.000000,-2.751689
-826.000000,-2.747878
-825.000000,-2.744065
-824.000000,-2.740251
-823.000000,-2.736437
-822.000000,-2.732621
-821.000000,-2.728804
-820.000000,-2.724987
-819.000000,-2.721168
-818.000000,-2.717348
-817.000000,-2.713528
-816.000000,-2.709706
-815.000000,-2.705883
-814.000000,-2.702059
-813.000000,-2.698235
-812.000000,-2.694409
-811.000000,-2.690582
-810.000000,-2.686754
-809.000000,-2.682925
-808.000000,-2.679095
-807.000000,-2.675264
-806.000000,-2.671431
-805.000000,-2.667598
-804.000000,-2.663764
-803.000000,-2.659928
-802.000000,-2.656092
-801.000000,-2.652254
-800.000000,-2.648415
-799.000000,-2.644575
-798.000000,-2.640734
-797.000000,-2.636892
-796.000000,-2.633049
-795.000000,-2.629205
-794.000000,-2.625359
-793.000000,-2.621513
-792.000000,-2.617665
-791.000000,-2.613816
-790.000000,-2.609966
-789.000000,-2.606115
-788.000000,-2.602263
-787.000000,-2.598410
-786.000000,-2.594555
-785.000000,-2.590699
-784.000000,-2.586842
-783.000000,-2.582984
-782.000000,-2.579125
-781.000000,-2.575265
-780.000000,-2.571403
-779.000000,-2.567541
-778.000000,-2.563677
-777.000000,-2.559812
-776.000000,-2.555945
-775.000000,-2.552078
-774.000000,-2.548209
-773.000000,-2.544339
-772.000000,-2.540468
-771.000000,-2.536596
-770.000000,-2.532723
-769.000000,-2.528848
-768.000000,-2.524972
-767.000000,-2.521095
-766.000000,-2.517217
-765.000000,-2.513337
-764.000000,-2.509457
-763.000000,-2.505575
-762.000000,-2.501692
-761.000000,-2.497807
-760.000000,-2.493922
-759.000000,-2.490035
-758.000000,-2.486147
-757.000000,-2.482258
-756.000000,-2.478368
-755.000000,-2.474476
-754.000000,-2.470583
-753.000000,-2.466689
-752.000000,-2.462794
-751.000000,-2.458897
-750.000000,-2.454999
-749.000000,-2.451100
-748.000000,-2.447200
-747.000000,-2.443299
-746.000000,-2.439396
-745.000000,-2.435492
-744.000000,-2.431587
-743.000000,-2.427680
-742.000000,-2.423773
-741.000000,-2.419864
-740.000000,-2.415953
-739.000000,-2.412042
-738.000000,-2.408129
-737.000000,-2.404216
-736.000000,-2.400300
-735.000000,-2.396384
-734.000000,-2.392467
-733.000000,-2.388548
-732.000000,-2.384628
-731.000000,-2.380706
-730.000000,-2.376784
-729.000000,-2.372860
-728.000000,-2.368935
-727.000000,-2.365009
-726.000000,-2.361081
-725.000000,-2.357153
-724.000000,-2.353223
-723.000000,-2.349291
-722.000000,-2.345359
-721.000000,-2.341425
-720.000000,-2.337490
-719.000000,-2.333554
-718.000000,-2.329617
-717.000000,-2.325678
-716.000000,-2.321739
-715.000000,-2.317798
-714.000000,-2.313855
-713.000000,-2.309912
-712.000000,-2.305967
-711.000000,-2.302021
-710.000000,-2.298074
-709.000000,-2.294126
-708.000000,-2.290176
-707.000000,-2.286226
-706.000000,-2.282274
-705.000000,-2.278320
-704.000000,-2.274366
-703.000000,-2.270410
-702.000000,-2.266454
-701.000000,-2.262496
-700.000000,-2.258536
-699.000000,-2.254576
-698.000000,-2.250614
-697.000000,-2.246652
-696.000000,-2.242688
-695.000000,-2.238723
-694.000000,-2.234756
-693.000000,-2.230789
-692.000000,-2.226820
-691.000000,-2.222850
-690.000000,-2.218879
-689.000000,-2.214907
-688.000000,-2.210934
-687.000000,-2.206959
-686.000000,-2.202984
-685.000000,-2.199007
-684.000000,-2.195029
-683.000000,-2.191050
-682.000000,-2.187069
-681.000000,-2.183088
-680.000000,-2.179105
-679.000000,-2.175122
-678.000000,-2.171137
-677.000000,-2.167151
-676.000000,-2.163164
-675.000000,-2.159176
-674.000000,-2.155186
-673.000000,-2.151196
-672.000000,-2.147205
-671.000000,-2.143212
-670.000000,-2.139218
-669.000000,-2.135223
-668.000000,-2.131228
-667.000000,-2.127231
-666.000000,-2.123233
-665.000000,-2.119234
-664.000000,-2.115233
-663.000000,-2.111232
-662.000000,-2.107230
-661.000000,-2.103226
-660.000000,-2.099222
-659.000000,-2.095217
-658.000000,-2.091210
-657.000000,-2.087203
-656.000000,-2.083194
-655.000000,-2.079184
-654.000000,-2.075174
-653.000000,-2.071162
-652.000000,-2.067150
-651.000000,-2.063136
-650.000000,-2.059121
-649.000000,-2.055106
-648.000000,-2.051089
-647.000000,-2.047072
-646.000000,-2.043053
-645.000000,-2.039034
-644.000000,-2.035013
-643.000000,-2.030992
-642.000000,-2.026969
-641.000000,-2.022946
-640.000000,-2.018922
-639.000000,-2.014897
-638.000000,-2.010871
-637.000000,-2.006844
-636.000000,-2.002816
-635.000000,-1.998787
-634.000000,-1.994757
-633.000000,-1.990726
-632.000000,-1.986695
-631.000000,-1.982663
-630.000000,-1.978629
-629.000000,-1.974595
-628.000000,-1.970560
-627.000000,-1.966525
-626.000000,-1.962488
-625.000000,-1.958450
-624.000000,-1.954412
-623.000000,-1.950373
-622.000000,-1.946333
-621.000000,-1.942292
-620.000000,-1.938251
-619.000000,-1.934209
-618.000000,-1.930165
-617.000000,-1.926122
-616.000000,-1.922077
-615.000000,-1.918032
-614.000000,-1.913985
-613.000000,-1.909939
-612.000000,-1.905891
-611.000000,-1.901843
-610.000000,-1.897794
-609.000000,-1.893744
-608.000000,-1.889693
-607.000000,-1.885642
-606.000000,-1.881590
-605.000000,-1.877538
-604.000000,-1.873485
-603.000000,-1.869431
-602.000000,-1.865377
-601.000000,-1.861321
-600.000000,-1.857266
-599.000000,-1.853209
-598.000000,-1.849152
-597.000000,-1.845095
-596.000000,-1.841037
-595.000000,-1.836978
-594.000000,-1.832919
-593.000000,-1.828859
-592.000000,-1.824799
-591.000000,-1.820738
-590.000000,-1.816676
-589.000000,-1.812614
-588.000000,-1.808552
-587.000000,-1.804489
-586.000000,-1.800425
-585.000000,-1.796361
-584.000000,-1.792297
-583.000000,-1.788232
-582.000000,-1.784166
-581.000000,-1.780100
-580.000000,-1.776034
-579.000000,-1.771967
-578.000000,-1.767900
-577.000000,-1.763833
-576.000000,-1.759765
-575.000000,-1.755697
-574.000000,-1.751628
-573.000000,-1.747559
-572.000000,-1.743489
-571.000000,-1.739420
-570.000000,-1.735350
-569.000000,-1.731279
-568.000000,-1.727209
-567.000000,-1.723138
-566.000000,-1.719067
-565.000000,-1.714995
-564.000000,-1.710923
-563.000000,-1.706851
-562.000000,-1.702779
-561.000000,-1.698707
-560.000000,-1.694634
-559.000000,-1.690561
-558.000000,-1.686488
-557.000000,-1.682415
-556.000000,-1.678341
-555.000000,-1.674268
-554.000000,-1.670194
-553.000000,-1.666120
-552.000000,-1.662046
-551.000000,-1.657972
-550.000000,-1.653898
-549.000000,-1.649824
-548.000000,-1.645749
-547.000000,-1.641675
-546.000000,-1.637600
-545.000000,-1.633526
-544.000000,-1.629452
-543.000000,-1.625377
-542.000000,-1.621303
-541.000000,-1.617228
-540.000000,-1.613154
-539.000000,-1.609079
-538.000000,-1.605005
-537.000000,-1.600931
-536.000000,-1.596857
-535.000000,-1.592783
-534.000000,-1.588709
-533.000000,-1.584635
-532.000000,-1.580561
-531.000000,-1.576488
-530.000000,-1.572414
-529.000000,-1.568341
-528.000000,-1.564268
-527.000000,-1.560196
-526.000000,-1.556123
-525.000000,-1.552051
-524.000000,-1.547979
-523.000000,-1.543907
-522.000000,-1.539835
-521.000000,-1.535764
-520.000000,-1.531693
-519.000000,-1.527623
-518.000000,-1.523552
-517.000000,-1.519483
-516.000000,-1.515413
-515.000000,-1.511344
-514.000000,-1.507275
-513.000000,-1.503207
-512.000000,-1.499139
-511.000000,-1.495071
-510.000000,-1.491004
-509.000000,-1.486938
-508.000000,-1.482872
-507.000000,-1.478806
-506.000000,-1.474741
-505.000000,-1.470677
-504.000000,-1.466613
-503.000000,-1.462549
-502.000000,-1.458486
-501.000000,-1.454424
-500.000000,-1.450362
-499.000000,-1.446301
-498.000000,-1.442241
-497.000000,-1.438181
-496.000000,-1.434122
-495.000000,-1.430064
-494.000000,-1.426006
-493.000000,-1.421949
-492.000000,-1.417893
-491.000000,-1.413838
-490.000000,-1.409783
-489.000000,-1.405729
-488.000000,-1.401676
-487.000000,-1.397624
-486.000000,-1.393572
-485.000000,-1.389522
-484.000000,-1.385472
-483.000000,-1.381423
-482.000000,-1.377375
-481.000000,-1.373328
-480.000000,-1.369282
-479.000000,-1.365237
-478.000000,-1.361193
-477.000000,-1.357150
-476.000000,-1.353107
-475.000000,-1.349066
-474.000000,-1.345026
-473.000000,-1.340987
-472.000000,-1.336949
-471.000000,-1.332912
-470.000000,-1.328876
-469.000000,-1.324842
-468.000000,-1.320808
-467.000000,-1.316776
-466.000000,-1.312745
-465.000000,-1.308715
-464.000000,-1.304686
-463.000000,-1.300659
-462.000000,-1.296632
-461.000000,-1.292607
-460.000000,-1.288584
-459.000000,-1.284561
-458.000000,-1.280540
-457.000000,-1.276520
-456.000000,-1.272502
-455.000000,-1.268485
-454.000000,-1.264469
-453.000000,-1.260455
-452.000000,-1.256443
-451.000000,-1.252431
-450.000000,-1.248421
-449.000000,-1.244413
-448.000000,-1.240406
-447.000000,-1.236401
-446.000000,-1.232397
-445.000000,-1.228395
-444.000000,-1.224395
-443.000000,-1.220396
-442.000000,-1.216399
-441.000000,-1.212403
-440.000000,-1.208409
-439.000000,-1.204417
-438.000000,-1.200426
-437.000000,-1.196437
-436.000000,-1.192450
-435.000000,-1.188465
-434.000000,-1.184481
-433.000000,-1.180500
-432.000000,-1.176520
-431.000000,-1.172542
-430.000000,-1.168565
-429.000000,-1.164591
-428.000000,-1.160619
-427.000000,-1.156648
-426.000000,-1.152680
-425.000000,-1.148713
-424.000000,-1.144749
-423.000000,-1.140786
-422.000000,-1.136826
-421.000000,-1.132867
-420.000000,-1.128911
-419.000000,-1.124957
-418.000000,-1.121005
-417.000000,-1.117055
-416.000000,-1.113107
-415.000000,-1.109161
-414.000000,-1.105218
-413.000000,-1.101277
-412.000000,-1.097338
-411.000000,-1.093401
-410.000000,-1.089467
-409.000000,-1.085534
-408.000000,-1.081605
-407.000000,-1.077677
-406.000000,-1.073752
-405.000000,-1.069830
-404.000000,-1.065909
-403.000000,-1.061992
-402.000000,-1.058076
-401.000000,-1.054164
-400.000000,-1.050253
-399.000000,-1.046346
-398.000000,-1.042440
-397.000000,-1.038538
-396.000000,-1.034638
-395.000000,-1.030740
-394.000000,-1.026846
-393.000000,-1.022953
-392.000000,-1.019064
-391.000000,-1.015177
-390.000000,-1.011293
-389.000000,-1.007412
-388.000000,-1.003534
-387.000000,-0.999658
-386.000000,-0.995785
-385.000000,-0.991916
-384.000000,-0.988049
-383.000000,-0.984184
-382.000000,-0.980323
-381.000000,-0.976465
-380.000000,-0.972610
-379.000000,-0.968757
-378.000000,-0.964908
-377.000000,-0.961062
-376.000000,-0.957219
-375.000000,-0.953379
-374.000000,-0.949542
-373.000000,-0.945708
-372.000000,-0.941877
-371.000000,-0.938050
-370.000000,-0.934226
-369.000000,-0.930405
-368.000000,-0.926587
-367.000000,-0.922772
-366.000000,-0.918961
-365.000000,-0.915153
-364.000000,-0.911349
-363.000000,-0.907548
-362.000000,-0.903750
-361.000000,-0.899956
-360.000000,-0.896165
-359.000000,-0.892378
-358.000000,-0.888594
-357.000000,-0.884814
-356.000000,-0.881037
-355.000000,-0.877264
-354.000000,-0.873494
-353.000000,-0.869729
-352.000000,-0.865966
-351.000000,-0.862208
-350.000000,-0.858453
-349.000000,-0.854702
-348.000000,-0.850955
-347.000000,-0.847211
-346.000000,-0.843471
-345.000000,-0.839736
-344.000000,-0.836004
-343.000000,-0.832275
-342.000000,-0.828551
-341.000000,-0.824831
-340.000000,-0.821115
-339.000000,-0.817403
-338.000000,-0.813694
-337.000000,-0.809990
-336.000000,-0.806290
-335.000000,-0.802594
-334.000000,-0.798902
-333.000000,-0.795214
-332.000000,-0.791531
-331.000000,-0.787852
-330.000000,-0.784177
-329.000000,-0.780506
-328.000000,-0.776839
-327.000000,-0.773177
-326.000000,-0.769519
-325.000000,-0.765866
-324.000000,-0.762217
-323.000000,-0.758572
-322.000000,-0.754932
-321.000000,-0.751296
-320.000000,-0.747665
-319.000000,-0.744038
-318.000000,-0.740416
-317.000000,-0.736799
-316.000000,-0.733186
-315.000000,-0.729578
-314.000000,-0.725974
-313.000000,-0.722376
-312.000000,-0.718781
-311.000000,-0.715192
-310.000000,-0.711608
-309.000000,-0.708028
-308.000000,-0.704453
-307.000000,-0.700883
-306.000000,-0.697318
-305.000000,-0.693758
-304.000000,-0.690203
-303.000000,-0.686653
-302.000000,-0.683108
-301.000000,-0.679568
-300.000000,-0.676033
-299.000000,-0.672503
-298.000000,-0.668978
-297.000000,-0.665458
-296.000000,-0.661944
-295.000000,-0.658435
-294.000000,-0.654931
-293.000000,-0.651432
-292.000000,-0.647939
-291.000000,-0.644451
-290.000000,-0.640968
-289.000000,-0.637491
-288.000000,-0.634019
-287.000000,-0.630553
-286.000000,-0.627092
-285.000000,-0.623637
-284.000000,-0.620187
-283.000000,-0.616743
-282.000000,-0.613305
-281.000000,-0.609872
-280.000000,-0.606445
-279.000000,-0.603023
-278.000000,-0.599607
-277.000000,-0.596197
-276.000000,-0.592793
-275.000000,-0.589395
-274.000000,-0.586002
-273.000000,-0.582616
-272.000000,-0.579235
-271.000000,-0.575860
-270.000000,-0.572491
-269.000000,-0.569129
-268.000000,-0.565772
-267.000000,-0.562421
-266.000000,-0.559077
-265.000000,-0.555738
-264.000000,-0.552406
-263.000000,-0.549080
-262.000000,-0.545760
-261.000000,-0.542447
-260.000000,-0.539140
-259.000000,-0.535839
-258.000000,-0.532544
-257.000000,-0.529256
-256.000000,-0.525974
-255.000000,-0.522699
-254.000000,-0.519430
-253.000000,-0.516168
-252.000000,-0.512912
-251.000000,-0.509663
-250.000000,-0.506420
-249.000000,-0.503184
-248.000000,-0.499955
-247.000000,-0.496733
-246.000000,-0.493517
-245.000000,-0.490308
-244.000000,-0.487106
-243.000000,-0.483911
-242.000000,-0.480722
-241.000000,-0.477541
-240.000000,-0.474366
-239.000000,-0.471198
-238.000000,-0.468038
-237.000000,-0.464884
-236.000000,-0.461738
-235.000000,-0.458598
-234.000000,-0.455466
-233.000000,-0.452341
-232.000000,-0.449223
-231.000000,-0.446113
-230.000000,-0.443009
-229.000000,-0.439913
-228.000000,-0.436824
-227.000000,-0.433743
-226.000000,-0.430669
-225.000000,-0.427603
-224.000000,-0.424544
-223.000000,-0.421492
-222.000000,-0.418448
-221.000000,-0.415412
-220.000000,-0.412383
-219.000000,-0.409362
-218.000000,-0.406349
-217.000000,-0.403343
-216.000000,-0.400345
-215.000000,-0.397355
-214.000000,-0.394373
-213.000000,-0.391399
-212.000000,-0.388432
-211.000000,-0.385473
-210.000000,-0.382523
-209.000000,-0.379580
-208.000000,-0.376645
-207.000000,-0.373719
-206.000000,-0.370800
-205.000000,-0.367890
-204.000000,-0.364988
-203.000000,-0.362094
-202.000000,-0.359208
-201.000000,-0.356331
-200.000000,-0.353462
-199.000000,-0.350601
-198.000000,-0.347749
-197.000000,-0.344905
-196.000000,-0.342069
-195.000000,-0.339243
-194.000000,-0.336424
-193.000000,-0.333614
-192.000000,-0.330813
-191.000000,-0.328020
-190.000000,-0.325236
-189.000000,-0.322461
-188.000000,-0.319695
-187.000000,-0.316937
-186.000000,-0.314188
-185.000000,-0.311448
-184.000000,-0.308717
-183.000000,-0.305995
-182.000000,-0.303282
-181.000000,-0.300577
-180.000000,-0.297882
-179.000000,-0.295196
-178.000000,-0.292519
-177.000000,-0.289851
-176.000000,-0.287193
-175.000000,-0.284543
-174.000000,-0.281903
-173.000000,-0.279273
-172.000000,-0.276651
-171.000000,-0.274039
-170.000000,-0.271436
-169.000000,-0.268843
-168.000000,-0.266259
-167.000000,-0.263685
-166.000000,-0.261121
-165.000000,-0.258566
-164.000000,-0.256020
-163.000000,-0.253484
-162.000000,-0.250959
-161.000000,-0.248442
-160.000000,-0.245936
-159.000000,-0.243439
-158.000000,-0.240953
-157.000000,-0.238476
-156.000000,-0.236009
-155.000000,-0.233552
-154.000000,-0.231105
-153.000000,-0.228669
-152.000000,-0.226242
-151.000000,-0.223826
-150.000000,-0.221419
-149.000000,-0.219023
-148.000000,-0.216637
-147.000000,-0.214262
-146.000000,-0.211897
-145.000000,-0.209542
-144.000000,-0.207197
-143.000000,-0.204864
-142.000000,-0.202540
-141.000000,-0.200227
-140.000000,-0.197925
-139.000000,-0.195633
-138.000000,-0.193352
-137.000000,-0.191082
-136.000000,-0.188822
-135.000000,-0.186574
-134.000000,-0.184336
-133.000000,-0.182108
-132.000000,-0.179892
-131.000000,-0.177687
-130.000000,-0.175493
-129.000000,-0.173309
-128.000000,-0.171137
-127.000000,-0.168976
-126.000000,-0.166826
-125.000000,-0.164687
-124.000000,-0.162559
-123.000000,-0.160443
-122.000000,-0.158338
-121.000000,-0.156244
-120.000000,-0.154162
-119.000000,-0.152091
-118.000000,-0.150032
-117.000000,-0.147984
-116.000000,-0.145948
-115.000000,-0.143923
-114.000000,-0.141910
-113.000000,-0.139908
-112.000000,-0.137919
-111.000000,-0.135941
-110.000000,-0.133974
-109.000000,-0.132020
-108.000000,-0.130078
-107.000000,-0.128147
-106.000000,-0.126229
-105.000000,-0.124322
-104.000000,-0.122428
-103.000000,-0.120545
-102.000000,-0.118675
-101.000000,-0.116817
-100.000000,-0.114971
-99.000000,-0.113137
-98.000000,-0.111316
-97.000000,-0.109507
-96.000000,-0.107710
-95.000000,-0.105926
-94.000000,-0.104155
-93.000000,-0.102396
-92.000000,-0.100649
-91.000000,-0.098915
-90.000000,-0.097194
-89.000000,-0.095485
-88.000000,-0.093789
-87.000000,-0.092106
-86.000000,-0.090436
-85.000000,-0.088778
-84.000000,-0.087134
-83.000000,-0.085502
-82.000000,-0.083883
-81.000000,-0.082278
-80.000000,-0.080685
-79.000000,-0.079106
-78.000000,-0.077540
-77.000000,-0.075987
-76.000000,-0.074447
-75.000000,-0.072921
-74.000000,-0.071408
-73.000000,-0.069908
-72.000000,-0.068422
-71.000000,-0.066949
-70.000000,-0.065490
-69.000000,-0.064044
-68.000000,-0.062612
-67.000000,-0.061193
-66.000000,-0.059789
-65.000000,-0.058398
-64.000000,-0.057021
-63.000000,-0.055657
-62.000000,-0.054308
-61.000000,-0.052972
-60.000000,-0.051650
-59.000000,-0.050343
-58.000000,-0.049049
-57.000000,-0.047770
-56.000000,-0.046505
-55.000000,-0.045254
-54.000000,-0.044017
-53.000000,-0.042794
-52.000000,-0.041586
-51.000000,-0.040392
-50.000000,-0.039213
-49.000000,-0.038048
-48.000000,-0.036897
-47.000000,-0.035761
-46.000000,-0.034640
-45.000000,-0.033533
-44.000000,-0.032441
-43.000000,-0.031364
-42.000000,-0.030302
-41.000000,-0.029254
-40.000000,-0.028221
-39.000000,-0.027204
-38.000000,-0.026201
-37.000000,-0.025213
-36.000000,-0.024240
-35.000000,-0.023283
-34.000000,-0.022340
-33.000000,-0.021413
-32.000000,-0.020501
-31.000000,-0.019604
-30.000000,-0.018723
-29.000000,-0.017857
-28.000000,-0.017007
-27.000000,-0.016172
-26.000000,-0.015352
-25.000000,-0.014548
-24.000000,-0.013760
-23.000000,-0.012988
-22.000000,-0.012231
-21.000000,-0.011490
-20.000000,-0.010764
-19.000000,-0.010055
-18.000000,-0.009362
-17.000000,-0.008684
-16.000000,-0.008023
-15.000000,-0.007377
-14.000000,-0.006748
-13.000000,-0.006135
-12.000000,-0.005538
-11.000000,-0.004957
-10.000000,-0.004393
-9.000000,-0.003845
-8.000000,-0.003313
-7.000000,-0.002798
-6.000000,-0.002299
-5.000000,-0.001817
-4.000000,-0.001352
-3.000000,-0.000903
-2.000000,-0.000471
-1.000000,-0.000055
0.000000,0.000344
1.000000,0.001647
2.000000,0.002876
3.000000,0.004128
4.000000,0.005403
5.000000,0.006701
6.000000,0.008022
7.000000,0.009365
8.000000,0.010730
9.000000,0.012118
10.000000,0.013529
11.000000,0.014962
12.000000,0.016417
13.000000,0.017894
14.000000,0.019393
15.000000,0.020914
16.000000,0.022458
17.000000,0.024023
18.000000,0.025610
19.000000,0.027218
20.000000,0.028848
21.000000,0.030500
22.000000,0.032173
23.000000,0.033868
24.000000,0.035584
25.000000,0.037321
26.000000,0.039080
27.000000,0.040859
28.000000,0.042659
29.000000,0.044481
30.000000,0.046323
31.000000,0.048186
32.000000,0.050070
33.000000,0.051975
34.000000,0.053900
35.000000,0.055845
36.000000,0.057811
37.000000,0.059797
38.000000,0.061804
39.000000,0.063831
40.000000,0.065878
41.000000,0.067945
42.000000,0.070032
43.000000,0.072139
44.000000,0.074265
45.000000,0.076412
46.000000,0.078578
47.000000,0.080764
48.000000,0.082969
49.000000,0.085194
50.000000,0.087438
51.000000,0.089701
52.000000,0.091984
53.000000,0.094286
54.000000,0.096607
55.000000,0.098947
56.000000,0.101306
57.000000,0.103684
58.000000,0.106081
59.000000,0.108496
60.000000,0.110931
61.000000,0.113383
62.000000,0.115855
63.000000,0.118345
64.000000,0.120853
65.000000,0.123379
66.000000,0.125924
67.000000,0.128487
68.000000,0.131068
69.000000,0.133667
70.000000,0.136284
71.000000,0.138919
72.000000,0.141572
73.000000,0.144243
74.000000,0.146931
75.000000,0.149637
76.000000,0.152360
77.000000,0.155101
78.000000,0.157860
79.000000,0.160636
80.000000,0.163429
81.000000,0.166239
82.000000,0.169066
83.000000,0.171910
84.000000,0.174772
85.000000,0.177650
86.000000,0.180546
87.000000,0.183458
88.000000,0.186386
89.000000,0.189332
90.000000,0.192294
91.000000,0.195272
92.000000,0.198267
93.000000,0.201279
94.000000,0.204307
95.000000,0.207351
96.000000,0.210411
97.000000,0.213487
98.000000,0.216580
99.000000,0.219688
100.000000,0.222812
101.000000,0.225952
102.000000,0.229108
103.000000,0.232280
104.000000,0.235467
105.000000,0.238670
106.000000,0.241889
107.000000,0.245123
108.000000,0.248372
109.000000,0.251637
110.000000,0.254917
111.000000,0.258212
112.000000,0.261522
113.000000,0.264848
114.000000,0.268188
115.000000,0.271544
116.000000,0.274914
117.000000,0.278299
118.000000,0.281699
119.000000,0.285113
120.000000,0.288542
121.000000,0.291986
122.000000,0.295444
123.000000,0.298917
124.000000,0.302404
125.000000,0.305905
126.000000,0.309421
127.000000,0.312950
128.000000,0.316494
129.000000,0.320052
130.000000,0.323624
131.000000,0.327210
132.000000,0.330809
133.000000,0.334423
134.000000,0.338050
135.000000,0.341691
136.000000,0.345346
137.000000,0.349014
138.000000,0.352695
139.000000,0.356390
140.000000,0.360099
141.000000,0.363820
142.000000,0.367555
143.000000,0.371304
144.000000,0.375065
145.000000,0.378839
146.000000,0.382627
147.000000,0.386427
148.000000,0.390240
149.000000,0.394066
150.000000,0.397905
151.000000,0.401756
152.000000,0.405620
153.000000,0.409497
154.000000,0.413386
155.000000,0.417288
156.000000,0.421202
157.000000,0.425129
158.000000,0.429067
159.000000,0.433018
160.000000,0.436981
161.000000,0.440957
162.000000,0.444944
163.000000,0.448943
164.000000,0.452954
165.000000,0.456977
166.000000,0.461012
167.000000,0.465059
168.000000,0.469117
169.000000,0.473187
170.000000,0.477269
171.000000,0.481362
172.000000,0.485467
173.000000,0.489583
174.000000,0.493710
175.000000,0.497849
176.000000,0.501998
177.000000,0.506159
178.000000,0.510332
179.000000,0.514515
180.000000,0.518709
181.000000,0.522914
182.000000,0.527131
183.000000,0.531358
184.000000,0.535595
185.000000,0.539844
186.000000,0.544103
187.000000,0.548373
188.000000,0.552653
189.000000,0.556944
190.000000,0.561245
191.000000,0.565557
192.000000,0.569879
193.000000,0.574211
194.000000,0.578554
195.000000,0.582907
196.000000,0.587270
197.000000,0.591643
198.000000,0.596026
199.000000,0.600418
200.000000,0.604821
201.000000,0.609234
202.000000,0.613656
203.000000,0.618089
204.000000,0.622531
205.000000,0.626982
206.000000,0.631443
207.000000,0.635914
208.000000,0.640394
209.000000,0.644884
210.000000,0.649383
211.000000,0.653891
212.000000,0.658408
213.000000,0.662935
214.000000,0.667471
215.000000,0.672016
216.000000,0.676570
217.000000,0.681133
218.000000,0.685705
219.000000,0.690286
220.000000,0.694876
221.000000,0.699474
222.000000,0.704082
223.000000,0.708698
224.000000,0.713322
225.000000,0.717956
226.000000,0.722598
227.000000,0.727248
228.000000,0.731907
229.000000,0.736574
230.000000,0.741249
231.000000,0.745933
232.000000,0.750625
233.000000,0.755325
234.000000,0.760033
235.000000,0.764750
236.000000,0.769474
237.000000,0.774206
238.000000,0.778947
239.000000,0.783695
240.000000,0.788451
241.000000,0.793215
242.000000,0.797987
243.000000,0.802766
244.000000,0.807553
245.000000,0.812347
246.000000,0.817150
247.000000,0.821959
248.000000,0.826776
249.000000,0.831601
250.000000,0.836432
251.000000,0.841272
252.000000,0.846118
253.000000,0.850972
254.000000,0.855832
255.000000,0.860700
256.000000,0.865575
257.000000,0.870457
258.000000,0.875346
259.000000,0.880242
260.000000,0.885145
261.000000,0.890054
262.000000,0.894971
263.000000,0.899894
264.000000,0.904823
265.000000,0.909760
266.000000,0.914703
267.000000,0.919653
268.000000,0.924609
269.000000,0.929571
270.000000,0.934540
271.000000,0.939516
272.000000,0.944497
273.000000,0.949485
274.000000,0.954480
275.000000,0.959480
276.000000,0.964487
277.000000,0.969499
278.000000,0.974518
279.000000,0.979543
280.000000,0.984573
281.000000,0.989610
282.000000,0.994653
283.000000,0.999701
284.000000,1.004755
285.000000,1.009815
286.000000,1.014881
287.000000,1.019952
288.000000,1.025029
289.000000,1.030111
290.000000,1.035199
291.000000,1.040293
292.000000,1.045392
293.000000,1.050496
294.000000,1.055606
295.000000,1.060721
296.000000,1.065841
297.000000,1.070967
298.000000,1.076097
299.000000,1.081233
300.000000,1.086374
301.000000,1.091520
302.000000,1.096672
303.000000,1.101828
304.000000,1.106989
305.000000,1.112155
306.000000,1.117325
307.000000,1.122501
308.000000,1.127681
309.000000,1.132866
310.000000,1.138056
311.000000,1.143251
312.000000,1.148450
313.000000,1.153653
314.000000,1.158862
315.000000,1.164074
316.000000,1.169291
317.000000,1.174513
318.000000,1.179739
319.000000,1.184969
320.000000,1.190204
321.000000,1.195443
322.000000,1.200686
323.000000,1.205933
324.000000,1.211184
325.000000,1.216440
326.000000,1.221699
327.000000,1.226963
328.000000,1.232230
329.000000,1.237502
330.000000,1.242777
331.000000,1.248056
332.000000,1.253340
333.000000,1.258626
334.000000,1.263917
335.000000,1.269211
336.000000,1.274509
337.000000,1.279811
338.000000,1.285116
339.000000,1.290425
340.000000,1.295738
341.000000,1.301054
342.000000,1.306373
343.000000,1.311696
344.000000,1.317022
345.000000,1.322351
346.000000,1.327684
347.000000,1.333020
348.000000,1.338360
349.000000,1.343702
350.000000,1.349048
351.000000,1.354397
352.000000,1.359749
353.000000,1.365104
354.000000,1.370462
355.000000,1.375823
356.000000,1.381187
357.000000,1.386554
358.000000,1.391923
359.000000,1.397296
360.000000,1.402672
361.000000,1.408050
362.000000,1.413431
363.000000,1.418814
364.000000,1.424201
365.000000,1.429590
366.000000,1.434982
367.000000,1.440376
368.000000,1.445773
369.000000,1.451172
370.000000,1.456574
371.000000,1.461978
372.000000,1.467384
373.000000,1.472793
374.000000,1.478205
375.000000,1.483619
376.000000,1.489034
377.000000,1.494453
378.000000,1.499873
379.000000,1.505296
380.000000,1.510720
381.000000,1.516147
382.000000,1.521576
383.000000,1.527007
384.000000,1.532440
385.000000,1.537875
386.000000,1.543312
387.000000,1.548751
388.000000,1.554192
389.000000,1.559635
390.000000,1.565079
391.000000,1.570526
392.000000,1.575974
393.000000,1.581424
394.000000,1.586875
395.000000,1.592329
396.000000,1.597783
397.000000,1.603240
398.000000,1.608698
399.000000,1.614158
400.000000,1.619619
401.000000,1.625082
402.000000,1.630546
403.000000,1.636012
404.000000,1.641479
405.000000,1.646947
406.000000,1.652417
407.000000,1.657888
408.000000,1.663361
409.000000,1.668835
410.000000,1.674310
411.000000,1.679786
412.000000,1.685263
413.000000,1.690742
414.000000,1.696221
415.000000,1.701702
416.000000,1.707184
417.000000,1.712667
418.000000,1.718151
419.000000,1.723636
420.000000,1.729122
421.000000,1.734609
422.000000,1.740096
423.000000,1.745585
424.000000,1.751075
425.000000,1.756565
426.000000,1.762056
427.000000,1.767548
428.000000,1.773041
429.000000,1.778534
430.000000,1.784028
431.000000,1.789523
432.000000,1.795019
433.000000,1.800515
434.000000,1.806011
435.000000,1.811509
436.000000,1.817006
437.000000,1.822505
438.000000,1.828003
439.000000,1.833503
440.000000,1.839002
441.000000,1.844503
442.000000,1.850003
443.000000,1.855504
444.000000,1.861005
445.000000,1.866507
446.000000,1.872009
447.000000,1.877511
448.000000,1.883014
449.000000,1.888516
450.000000,1.894019
451.000000,1.899522
452.000000,1.905026
453.000000,1.910529
454.000000,1.916032
455.000000,1.921536
456.000000,1.927040
457.000000,1.932543
458.000000,1.938047
459.000000,1.943551
460.000000,1.949055
461.000000,1.954558
462.000000,1.960062
463.000000,1.965565
464.000000,1.971069
465.000000,1.976572
466.000000,1.982075
467.000000,1.987578
468.000000,1.993081
469.000000,1.998583
470.000000,2.004086
471.000000,2.009588
472.000000,2.015089
473.000000,2.020591
474.000000,2.026092
475.000000,2.031593
476.000000,2.037093
477.000000,2.042593
478.000000,2.048093
479.000000,2.053592
480.000000,2.059091
481.000000,2.064589
482.000000,2.070087
483.000000,2.075584
484.000000,2.081081
485.000000,2.086578
486.000000,2.092073
487.000000,2.097568
488.000000,2.103063
489.000000,2.108557
490.000000,2.114050
491.000000,2.119543
492.000000,2.125035
493.000000,2.130526
494.000000,2.136017
495.000000,2.141507
496.000000,2.146996
497.000000,2.152484
498.000000,2.157972
499.000000,2.163458
500.000000,2.168944
501.000000,2.174430
502.000000,2.179914
503.000000,2.185397
504.000000,2.190880
505.000000,2.196361
506.000000,2.201842
507.000000,2.207322
508.000000,2.212801
509.000000,2.218279
510.000000,2.223756
511.000000,2.229232
512.000000,2.234706
513.000000,2.240180
514.000000,2.245653
515.000000,2.251125
516.000000,2.256596
517.000000,2.262065
518.000000,2.267534
519.000000,2.273001
520.000000,2.278467
521.000000,2.283932
522.000000,2.289396
523.000000,2.294859
524.000000,2.300320
525.000000,2.305781
526.000000,2.311240
527.000000,2.316698
528.000000,2.322154
529.000000,2.327610
530.000000,2.333064
531.000000,2.338517
532.000000,2.343968
533.000000,2.349418
534.000000,2.354867
535.000000,2.360314
536.000000,2.365760
537.000000,2.371205
538.000000,2.376649
539.000000,2.382090
540.000000,2.387531
541.000000,2.392970
542.000000,2.398408
543.000000,2.403844
544.000000,2.409279
545.000000,2.414712
546.000000,2.420144
547.000000,2.425574
548.000000,2.431003
549.000000,2.436430
550.000000,2.441856
551.000000,2.447280
552.000000,2.452703
553.000000,2.458124
554.000000,2.463544
555.000000,2.468962
556.000000,2.474378
557.000000,2.479793
558.000000,2.485206
559.000000,2.490617
560.000000,2.496027
561.000000,2.501436
562.000000,2.506842
563.000000,2.512247
564.000000,2.517650
565.000000,2.523052
566.000000,2.528452
567.000000,2.533850
568.000000,2.539246
569.000000,2.544641
570.000000,2.550034
571.000000,2.555425
572.000000,2.560815
573.000000,2.566203
574.000000,2.571589
575.000000,2.576973
576.000000,2.582355
577.000000,2.587736
578.000000,2.593115
579.000000,2.598492
580.000000,2.603867
581.000000,2.609240
582.000000,2.614612
583.000000,2.619982
584.000000,2.625350
585.000000,2.630716
586.000000,2.636080
587.000000,2.641442
588.000000,2.646803
589.000000,2.652161
590.000000,2.657518
591.000000,2.662873
592.000000,2.668226
593.000000,2.673577
594.000000,2.678926
595.000000,2.684273
596.000000,2.689619
597.000000,2.694962
598.000000,2.700304
599.000000,2.705643
600.000000,2.710981
601.000000,2.716316
602.000000,2.721650
603.000000,2.726982
604.000000,2.732312
605.000000,2.737639
606.000000,2.742965
607.000000,2.748289
608.000000,2.753611
609.000000,2.758931
610.000000,2.764249
611.000000,2.769565
612.000000,2.774879
613.000000,2.780191
614.000000,2.785501
615.000000,2.790809
616.000000,2.796115
617.000000,2.801419
618.000000,2.806721
619.000000,2.812021
620.000000,2.817319
621.000000,2.822614
622.000000,2.827908
623.000000,2.833200
624.000000,2.838490
625.000000,2.843778
626.000000,2.849064
627.000000,2.854347
628.000000,2.859629
629.000000,2.864909
630.000000,2.870186
631.000000,2.875462
632.000000,2.880735
633.000000,2.886007
634.000000,2.891276
635.000000,2.896544
636.000000,2.901809
637.000000,2.907072
638.000000,2.912334
639.000000,2.917593
640.000000,2.922850
641.000000,2.928105
642.000000,2.933358
643.000000,2.938609
644.000000,2.943858
645.000000,2.949105
646.000000,2.954350
647.000000,2.959593
648.000000,2.964834
649.000000,2.970073
650.000000,2.975310
651.000000,2.980544
652.000000,2.985777
653.000000,2.991008
654.000000,2.996236
655.000000,3.001463
656.000000,3.006687
657.000000,3.011910
658.000000,3.017130
659.000000,3.022349
660.000000,3.027565
661.000000,3.032779
662.000000,3.037992
663.000000,3.043202
664.000000,3.048410
665.000000,3.053617
666.000000,3.058821
667.000000,3.064023
668.000000,3.069224
669.000000,3.074422
670.000000,3.079618
671.000000,3.084812
672.000000,3.090005
673.000000,3.095195
674.000000,3.100383
675.000000,3.105570
676.000000,3.110754
677.000000,3.115937
678.000000,3.121117
679.000000,3.126295
680.000000,3.131472
681.000000,3.136647
682.000000,3.141819
683.000000,3.146990
684.000000,3.152159
685.000000,3.157325
686.000000,3.162490
687.000000,3.167653
688.000000,3.172814
689.000000,3.177973
690.000000,3.183131
691.000000,3.188286
692.000000,3.193439
693.000000,3.198591
694.000000,3.203741
695.000000,3.208888
696.000000,3.214034
697.000000,3.219178
698.000000,3.224321
699.000000,3.229461
700.000000,3.234599
701.000000,3.239736
702.000000,3.244871
703.000000,3.250004
704.000000,3.255135
705.000000,3.260265
706.000000,3.265392
707.000000,3.270518
708.000000,3.275642
709.000000,3.280765
710.000000,3.285885
711.000000,3.291004
712.000000,3.296121
713.000000,3.301236
714.000000,3.306350
715.000000,3.311462
716.000000,3.316572
717.000000,3.321680
718.000000,3.326787
719.000000,3.331892
720.000000,3.336996
721.000000,3.342097
722.000000,3.347197
723.000000,3.352296
724.000000,3.357393
725.000000,3.362488
726.000000,3.367581
727.000000,3.372673
728.000000,3.377764
729.000000,3.382853
730.000000,3.387940
731.000000,3.393025
732.000000,3.398110
733.000000,3.403192
734.000000,3.408273
735.000000,3.413353
736.000000,3.418431
737.000000,3.423507
738.000000,3.428582
739.000000,3.433656
740.000000,3.438728
741.000000,3.443799
742.000000,3.448868
743.000000,3.453936
744.000000,3.459002
745.000000,3.464067
746.000000,3.469131
747.000000,3.474193
748.000000,3.479254
749.000000,3.484314
750.000000,3.489372
751.000000,3.494429
752.000000,3.499484
753.000000,3.504539
754.000000,3.509592
755.000000,3.514644
756.000000,3.519694
757.000000,3.524743
758.000000,3.529792
759.000000,3.534838
760.000000,3.539884
761.000000,3.544929
762.000000,3.549972
763.000000,3.555014
764.000000,3.560055
765.000000,3.565095
766.000000,3.570134
767.000000,3.575172
768.000000,3.580208
769.000000,3.585244
770.000000,3.590279
771.000000,3.595312
772.000000,3.600345
773.000000,3.605376
774.000000,3.610407
775.000000,3.615436
776.000000,3.620465
777.000000,3.625493
778.000000,3.630520
779.000000,3.635546
780.000000,3.640571
781.000000,3.645595
782.000000,3.650618
783.000000,3.655641
784.000000,3.660662
785.000000,3.665683
786.000000,3.670703
787.000000,3.675723
788.000000,3.680741
789.000000,3.685759
790.000000,3.690776
791.000000,3.695793
792.000000,3.700809
793.000000,3.705824
794.000000,3.710839
795.000000,3.715853
796.000000,3.720866
797.000000,3.725879
798.000000,3.730891
799.000000,3.735903
800.000000,3.740914
801.000000,3.745924
802.000000,3.750935
803.000000,3.755944
804.000000,3.760954
805.000000,3.765963
806.000000,3.770971
807.000000,3.775979
808.000000,3.780987
809.000000,3.785994
810.000000,3.791002
811.000000,3.796008
812.000000,3.801015
813.000000,3.806021
814.000000,3.811027
815.000000,3.816033
816.000000,3.821039
817.000000,3.826044
818.000000,3.831050
819.000000,3.836055
820.000000,3.841060
821.000000,3.846065
822.000000,3.851070
823.000000,3.856075
824.000000,3.861080
825.000000,3.866085
826.000000,3.871089
827.000000,3.876094
828.000000,3.881100
829.000000,3.886105
830.000000,3.891110
831.000000,3.896115
832.000000,3.901121
833.000000,3.906127
834.000000,3.911133
835.000000,3.916139
836.000000,3.921145
837.000000,3.926152
838.000000,3.931159
839.000000,3.936167
840.000000,3.941174
841.000000,3.946182
842.000000,3.951191
843.000000,3.956200
844.000000,3.961209
845.000000,3.966219
846.000000,3.971230
847.000000,3.976241
848.000000,3.981252
849.000000,3.986264
850.000000,3.991277
851.000000,3.996290
852.000000,4.001304
853.000000,4.006319
854.000000,4.011334
855.000000,4.016350
856.000000,4.021367
857.000000,4.026385
858.000000,4.031403
859.000000,4.036422
860.000000,4.041442
861.000000,4.046463
862.000000,4.051485
863.000000,4.056508
864.000000,4.061532
865.000000,4.066557
866.000000,4.071583
867.000000,4.076610
868.000000,4.081638
869.000000,4.086667
870.000000,4.091697
871.000000,4.096729
872.000000,4.101761
873.000000,4.106795
874.000000,4.111830
875.000000,4.116867
876.000000,4.121904
877.000000,4.126943
878.000000,4.131984
879.000000,4.137026
880.000000,4.142069
881.000000,4.147114
882.000000,4.152160
883.000000,4.157207
884.000000,4.162257
885.000000,4.167307
886.000000,4.172360
887.000000,4.177414
888.000000,4.182469
889.000000,4.187527
890.000000,4.192586
891.000000,4.197647
892.000000,4.202709
893.000000,4.207774
894.000000,4.212840
895.000000,4.217908
896.000000,4.222978
897.000000,4.228050
898.000000,4.233124
899.000000,4.238200
900.000000,4.243278
901.000000,4.248358
902.000000,4.253440
903.000000,4.258525
904.000000,4.263611
905.000000,4.268700
906.000000,4.273790
907.000000,4.278883
908.000000,4.283979
909.000000,4.289077
910.000000,4.294177
911.000000,4.299279
912.000000,4.304384
913.000000,4.309491
914.000000,4.314601
915.000000,4.319713
916.000000,4.324828
917.000000,4.329946
918.000000,4.335066
919.000000,4.340188
920.000000,4.345314
921.000000,4.350442
922.000000,4.355573
923.000000,4.360707
924.000000,4.365843
925.000000,4.370982
926.000000,4.376125
927.000000,4.381270
928.000000,4.386418
929.000000,4.391569
930.000000,4.396723
931.000000,4.401881
932.000000,4.407041
933.000000,4.412204
934.000000,4.417371
935.000000,4.422541
936.000000,4.427714
937.000000,4.432891
938.000000,4.438070
939.000000,4.443253
940.000000,4.448440
941.000000,4.453630
942.000000,4.458823
943.000000,4.464020
944.000000,4.469220
945.000000,4.474424
946.000000,4.479632
947.000000,4.484843
948.000000,4.490058
949.000000,4.495277
950.000000,4.500499
951.000000,4.505726
952.000000,4.510956
953.000000,4.516190
954.000000,4.521428
955.000000,4.526669
956.000000,4.531915
957.000000,4.537165
958.000000,4.542419
959.000000,4.547677
960.000000,4.552939
961.000000,4.558205
962.000000,4.563476
963.000000,4.568751
964.000000,4.574030
965.000000,4.579314
966.000000,4.584601
967.000000,4.589894
968.000000,4.595191
969.000000,4.600492
970.000000,4.605798
971.000000,4.611108
972.000000,4.616423
973.000000,4.621743
974.000000,4.627067
975.000000,4.632396
976.000000,4.637730
977.000000,4.643069
978.000000,4.648412
979.000000,4.653761
980.000000,4.659114
981.000000,4.664473
982.000000,4.669836
983.000000,4.675205
984.000000,4.680579
985.000000,4.685957
986.000000,4.691341
987.000000,4.696731
988.000000,4.702125
989.000000,4.707525
990.000000,4.712930
991.000000,4.718341
992.000000,4.723757
993.000000,4.729179
994.000000,4.734606
995.000000,4.740039
996.000000,4.745477
997.000000,4.750921
998.000000,4.756371
999.000000,4.761827
1000.000000,4.767288
